1,31,33,38,46,51,80
2,21,27,44,46,63
3,15,20,26,32,42,43,64
4,13,25,36,49,65,76
5,19,55,60,66
6,14,18,26,40,42,68,71
7,15,32,33,42,48,70
8,25,53,75
9,20,35,45,48
10,16,17,35,43,45
11,14,16,26,43,54
12,21,23,24,25,49,62
13,4,49,56,65,72
14,6,11,18,26,54,67,78,81
15,3,7,20,32,48
16,10,11,41,43,54,77
17,10,22,59
18,6,14,19,37,71,78
19,5,18,37,55,57,66,71
20,3,9,15,45,48,64
21,2,12,23,44,47,49,63,72
22,17,39,59
23,12,21,24,44,62
24,12,23,25,28,29,44,58,62,69
25,4,8,12,24,36,49,53,69,75
26,3,6,11,14,42,43
27,2,31,46,63,79,80
28,24,29,52,58,61
29,24,28,61,69
30,65,73
31,1,27,80
32,3,7,15,42
33,1,7,42,51,70
34,41,59
35,9,10,45
36,4,25,75,76
37,18,19,57,74,78
38,1,46,50,51,58,66
39,22,59
40,6,50,66,68,71
41,16,34,54,77
42,3,6,7,26,32,33,51,68,70
43,3,10,11,16,26,45,64
44,2,21,23,24,46,58
45,9,10,20,35,43,64
46,1,2,27,38,44,58,80
47,21,56,63,72,73
48,7,9,15,20,
49,4,12,13,21,25,72
50,38,40,51,66,68	
51,1,33,38,42,50,68
52,28,55,58,60
53,8,25,61,69
54,11,14,16,41,81
55,5,19,52,57,60
56,13,47,65,72,73
57,19,37,55
58,24,28,38,44,46,52,60,66
59,17,22,34,39
60,5,52,55,58,66
61,28,29,53,69
62,12,23,24
63,2,21,27,47
64,3,20,43,45
65,4,13,30,54,73
66,5,19,38,40,50,58,60,71
67,14,74,78,81
68,6,40,42,50,51
69,24,25,29,53,61
70,7,33,42
71,6,18,19,40,66
72,13,21,47,49,56,73
73,30,47,56,65,72
74,37,67,78
75,8,25,36
76,4,36
77,16,41
78,14,18,37,67,74
79,27,31
80,1,27,31,46
81,14,54,67